2.404941894531250000e+03
2.312666625976562500e+02
2.633646240234375000e+02
5.299037475585937500e+02
8.253504638671875000e+02
1.110891601562500000e+03
1.381696044921875000e+03
1.607246337890625000e+03
1.770529541015625000e+03
1.864931640625000000e+03
1.875955932617187500e+03
1.807319335937500000e+03
1.616131835937500000e+03
1.322218994140625000e+03
1.152147827148437500e+03
1.261609985351562500e+03
9.429776611328125000e+02
1.100284545898437500e+03
1.156370239257812500e+03
1.104138916015625000e+03
1.016583618164062500e+03
1.048388916015625000e+03
8.766864624023437500e+02
8.982684936523437500e+02
8.984559326171875000e+02
8.759493408203125000e+02
8.649707031250000000e+02
8.447133178710937500e+02
8.488394775390625000e+02
8.305424804687500000e+02
8.310256958007812500e+02
8.254796142578125000e+02
8.151397705078125000e+02
8.142811279296875000e+02
8.207703857421875000e+02
8.091213378906250000e+02
8.138619384765625000e+02
8.114918823242187500e+02
8.097762451171875000e+02
8.064591064453125000e+02
8.095664062500000000e+02
8.576838378906250000e+02
8.011380615234375000e+02
7.968629150390625000e+02
8.334768066406250000e+02
8.786147460937500000e+02
1.162429199218750000e+03
1.222569335937500000e+03
8.625214843750000000e+02
3.856939208984375000e+03
2.004416992187500000e+03
3.478911376953125000e+03
4.692523437500000000e+03
5.523792968750000000e+03
6.084063476562500000e+03
6.348050292968750000e+03
6.350237792968750000e+03
6.027583984375000000e+03
5.466067382812500000e+03
4.636884765625000000e+03
3.544113281250000000e+03
2.463063964843750000e+03
5.061718750000000000e+03
1.942650390625000000e+03
2.364791015625000000e+03
2.711951904296875000e+03
2.797405761718750000e+03
2.644281982421875000e+03
2.369824707031250000e+03
2.228983886718750000e+03
2.561202880859375000e+03
1.982285400390625000e+03
1.916293212890625000e+03
1.952488281250000000e+03
1.913186645507812500e+03
1.876684082031250000e+03
1.924318115234375000e+03
1.831781005859375000e+03
1.792528076171875000e+03
1.786328491210937500e+03
1.747879638671875000e+03
1.743527832031250000e+03
1.701457031250000000e+03
1.655720825195312500e+03
1.634859008789062500e+03
1.619191406250000000e+03
1.608390380859375000e+03
1.573142089843750000e+03
1.550784667968750000e+03
1.527397949218750000e+03
1.515780029296875000e+03
1.484549072265625000e+03
1.455201660156250000e+03
1.466880859375000000e+03
1.441654296875000000e+03
1.437872924804687500e+03
1.446960205078125000e+03
1.416871826171875000e+03
1.416659301757812500e+03
1.388644531250000000e+03
1.380050781250000000e+03
1.374447631835937500e+03
1.355254516601562500e+03
1.375373657226562500e+03
1.352916137695312500e+03
1.380561035156250000e+03
1.384053955078125000e+03
1.379519287109375000e+03
1.363470336914062500e+03
1.377755371093750000e+03
1.375377197265625000e+03
1.419615722656250000e+03
1.541891601562500000e+03
1.384456054687500000e+03
1.836251953125000000e+03
2.426224853515625000e+03
3.145235839843750000e+03
3.175973388671875000e+03
2.623151123046875000e+03
2.161062011718750000e+03
3.416269531250000000e+03
2.182449707031250000e+03
2.570600097656250000e+03
2.803652832031250000e+03
2.605081054687500000e+03
2.421936767578125000e+03
2.629397216796875000e+03
2.154268798828125000e+03
2.252354492187500000e+03
2.224784179687500000e+03
2.317782958984375000e+03
2.133768066406250000e+03
2.131864746093750000e+03
2.084224365234375000e+03
2.109179687500000000e+03
1.994502929687500000e+03
1.982082031250000000e+03
1.958934692382812500e+03
1.909244018554687500e+03
1.860386474609375000e+03
1.861271972656250000e+03
1.839065063476562500e+03
1.789027832031250000e+03
1.749348022460937500e+03
1.762257080078125000e+03
1.733606689453125000e+03
1.714834472656250000e+03
1.710401489257812500e+03
1.672843750000000000e+03
1.732855468750000000e+03
1.794643310546875000e+03
1.726351196289062500e+03
1.662103759765625000e+03
1.695527832031250000e+03
1.653965332031250000e+03
1.727050781250000000e+03
1.891944702148437500e+03
1.721575195312500000e+03
1.618268066406250000e+03
1.766756103515625000e+03
1.922166870117187500e+03
2.321504394531250000e+03
2.131695312500000000e+03
2.629374023437500000e+03
2.281444580078125000e+03
2.529182128906250000e+03
2.243459228515625000e+03
2.719516113281250000e+03
2.156355224609375000e+03
2.366422607421875000e+03
2.136656494140625000e+03
2.375441650390625000e+03
2.449050048828125000e+03
2.355514404296875000e+03
2.557659912109375000e+03
2.102164550781250000e+03
2.222563476562500000e+03
2.119020263671875000e+03
2.122530761718750000e+03
2.143196289062500000e+03
2.044789916992187500e+03
2.156534179687500000e+03
2.263025390625000000e+03
2.053537109375000000e+03
2.487052734375000000e+03
2.470315917968750000e+03
2.428020019531250000e+03
2.413762207031250000e+03
2.129980468750000000e+03
2.231242675781250000e+03
2.110510009765625000e+03
2.260911132812500000e+03
2.270517578125000000e+03
2.122805175781250000e+03
2.535428222656250000e+03
2.517981689453125000e+03
2.489894287109375000e+03
2.583485107421875000e+03
2.251008544921875000e+03
2.316751953125000000e+03
2.198191162109375000e+03
2.350686279296875000e+03
2.288726074218750000e+03
2.144415039062500000e+03
2.524231933593750000e+03
2.612713867187500000e+03
2.486328613281250000e+03
2.712021972656250000e+03
2.246859130859375000e+03
2.354653808593750000e+03
2.252397460937500000e+03
2.308169433593750000e+03
2.364562500000000000e+03
2.189424804687500000e+03
2.508074707031250000e+03
2.650203613281250000e+03
2.481514160156250000e+03
2.929062500000000000e+03
2.273307617187500000e+03
2.487888183593750000e+03
2.290063964843750000e+03
2.439679687500000000e+03
2.469183105468750000e+03
2.304882324218750000e+03
2.766488281250000000e+03
2.636953125000000000e+03
2.555437011718750000e+03
2.819995849609375000e+03
2.352908691406250000e+03
2.502104248046875000e+03
2.333705566406250000e+03
2.421734619140625000e+03
2.379617187500000000e+03
2.225875976562500000e+03
2.498137939453125000e+03
2.496685058593750000e+03
2.290497070312500000e+03
2.837185302734375000e+03
2.589883789062500000e+03
2.587394287109375000e+03
2.737523925781250000e+03
2.273647705078125000e+03
2.498908203125000000e+03
2.272220703125000000e+03
2.299050781250000000e+03
2.427141601562500000e+03
2.274014160156250000e+03
2.364946289062500000e+03
2.512006591796875000e+03
2.254694091796875000e+03
2.632554199218750000e+03
2.684782226562500000e+03
2.424832275390625000e+03
2.989172851562500000e+03
2.373000488281250000e+03
2.493551757812500000e+03
2.565097167968750000e+03
2.198240722656250000e+03
2.291935546875000000e+03
2.344402343750000000e+03
2.223469482421875000e+03
2.093775146484375000e+03
2.157026855468750000e+03
2.250190429687500000e+03
2.273873535156250000e+03
2.210765136718750000e+03
2.135085205078125000e+03
2.002228027343750000e+03
1.985799804687500000e+03
1.953857177734375000e+03
2.005074218750000000e+03
2.226446289062500000e+03
2.854177246093750000e+03
2.213822021484375000e+03
3.214261718750000000e+03
3.280876953125000000e+03
3.427209960937500000e+03
2.933622558593750000e+03
3.320462402343750000e+03
2.833977783203125000e+03
3.023344238281250000e+03
2.972074218750000000e+03
2.881931640625000000e+03
2.922173828125000000e+03
2.715600830078125000e+03
3.121268554687500000e+03
2.633510742187500000e+03
2.690808105468750000e+03
2.752487792968750000e+03
2.503094238281250000e+03
2.573525390625000000e+03
2.443900390625000000e+03
2.344206542968750000e+03
2.352401855468750000e+03
2.380894531250000000e+03
2.272940429687500000e+03
2.211755859375000000e+03
2.214213378906250000e+03
2.203576171875000000e+03
2.284944824218750000e+03
2.399649414062500000e+03
2.286260253906250000e+03
2.107377685546875000e+03
2.069409667968750000e+03
2.074561279296875000e+03
2.191538085937500000e+03
2.467449707031250000e+03
2.870592285156250000e+03
2.253451660156250000e+03
3.261094726562500000e+03
3.355165039062500000e+03
3.385572265625000000e+03
3.173616210937500000e+03
3.107236816406250000e+03
2.940924316406250000e+03
2.935537109375000000e+03
3.196406250000000000e+03
2.629349365234375000e+03
2.832193359375000000e+03
2.699441406250000000e+03
2.563136230468750000e+03
2.603927978515625000e+03
2.502316894531250000e+03
2.406722167968750000e+03
2.478890136718750000e+03
2.408564453125000000e+03
2.266303222656250000e+03
2.226519531250000000e+03
2.227035888671875000e+03
2.269847900390625000e+03
2.323450195312500000e+03
2.319264160156250000e+03
2.274112304687500000e+03
2.184780029296875000e+03
2.100655273437500000e+03
2.137774902343750000e+03
2.130365234375000000e+03
2.242288574218750000e+03
2.467993652343750000e+03
2.877177734375000000e+03
2.185293945312500000e+03
2.643620605468750000e+03
3.369107177734375000e+03
2.695971435546875000e+03
4.197603515625000000e+03
2.588445556640625000e+03
3.137978027343750000e+03
2.813416503906250000e+03
2.853627441406250000e+03
2.919589111328125000e+03
2.551226074218750000e+03
3.144522216796875000e+03
2.711087890625000000e+03
2.473512451171875000e+03
3.025382812500000000e+03
2.671579589843750000e+03
2.422023437500000000e+03
2.976533691406250000e+03
2.477632812500000000e+03
2.352574707031250000e+03
2.852298828125000000e+03
2.486641601562500000e+03
2.280437988281250000e+03
2.657608154296875000e+03
2.565854492187500000e+03
2.210508056640625000e+03
2.548491210937500000e+03
2.740387451171875000e+03
2.305380859375000000e+03
2.794035888671875000e+03
2.841944335937500000e+03
2.516352539062500000e+03
3.084251953125000000e+03
2.412303222656250000e+03
2.517055664062500000e+03
2.646559570312500000e+03
2.259232421875000000e+03
2.354803222656250000e+03
2.451145996093750000e+03
2.236219726562500000e+03
2.155800781250000000e+03
2.148942382812500000e+03
2.203776855468750000e+03
2.220239746093750000e+03
2.200239501953125000e+03
2.151854980468750000e+03
2.085783935546875000e+03
2.118517822265625000e+03
2.034335937500000000e+03
2.007433105468750000e+03
1.997405517578125000e+03
2.018196655273437500e+03
2.076905517578125000e+03
2.255468750000000000e+03
2.553192382812500000e+03
2.284792968750000000e+03
2.001303100585937500e+03
2.038372070312500000e+03
2.324877929687500000e+03
2.770939453125000000e+03
2.257338378906250000e+03
2.222801513671875000e+03
2.815911376953125000e+03
2.400571289062500000e+03
2.114949707031250000e+03
2.300228027343750000e+03
2.495830078125000000e+03
2.471535156250000000e+03
2.208728271484375000e+03
2.131757812500000000e+03
2.351813964843750000e+03
2.491267822265625000e+03
2.451573730468750000e+03
2.172671875000000000e+03
2.120639648437500000e+03
2.276990234375000000e+03
2.400062744140625000e+03
2.438376220703125000e+03
2.214270996093750000e+03
2.059088134765625000e+03
2.121520263671875000e+03
2.299975341796875000e+03
2.636245117187500000e+03
2.281830566406250000e+03
2.068976074218750000e+03
2.278316650390625000e+03
2.612586181640625000e+03
2.598060546875000000e+03
2.285083496093750000e+03
2.225391113281250000e+03
2.596979248046875000e+03
2.470024658203125000e+03
2.123718750000000000e+03
2.114344238281250000e+03
2.129671386718750000e+03
2.193651611328125000e+03
2.455515625000000000e+03
2.594334960937500000e+03
2.249392578125000000e+03
2.099995605468750000e+03
2.327781250000000000e+03
2.622752929687500000e+03
2.488119140625000000e+03
2.177223632812500000e+03
2.125678710937500000e+03
2.378190673828125000e+03
2.554871582031250000e+03
2.372662109375000000e+03
2.114032226562500000e+03
2.073865722656250000e+03
2.247354003906250000e+03
2.548701660156250000e+03
2.518381347656250000e+03
2.300968261718750000e+03
2.108798828125000000e+03
2.234394531250000000e+03
2.481902099609375000e+03
2.638461425781250000e+03
2.248913574218750000e+03
2.184895019531250000e+03
2.413328125000000000e+03
2.568496582031250000e+03
2.356613769531250000e+03
2.221144531250000000e+03
2.224945800781250000e+03
2.349591552734375000e+03
2.512480957031250000e+03
2.305474609375000000e+03
2.186818359375000000e+03
2.055924804687500000e+03
2.065351562500000000e+03
2.129447021484375000e+03
2.302941406250000000e+03
2.449167724609375000e+03
2.486413574218750000e+03
2.210585205078125000e+03
2.013315429687500000e+03
2.105773437500000000e+03
2.353003906250000000e+03
2.708247558593750000e+03
2.313110595703125000e+03
2.109927001953125000e+03
2.430645996093750000e+03
2.561841552734375000e+03
2.432115722656250000e+03
2.176368652343750000e+03
2.140741699218750000e+03
2.344830078125000000e+03
2.559533935546875000e+03
2.459278808593750000e+03
2.231341308593750000e+03
2.120609863281250000e+03
2.149493652343750000e+03
2.381143066406250000e+03
2.476929199218750000e+03
2.291398437500000000e+03
2.120266845703125000e+03
2.073499267578125000e+03
2.153680175781250000e+03
2.333920898437500000e+03
2.417921630859375000e+03
2.372264892578125000e+03
2.340526855468750000e+03
2.151462646484375000e+03
2.111017333984375000e+03
2.043479736328125000e+03
2.046290649414062500e+03
2.050079101562500000e+03
2.117985839843750000e+03
2.409829101562500000e+03
2.524900634765625000e+03
2.440135742187500000e+03
2.223165527343750000e+03
2.050465332031250000e+03
2.098453125000000000e+03
2.163353515625000000e+03
2.402173095703125000e+03
2.522765380859375000e+03
2.445008544921875000e+03
2.272656738281250000e+03
2.136380126953125000e+03
2.071696289062500000e+03
2.164631103515625000e+03
2.473105224609375000e+03
2.557865966796875000e+03
2.329286621093750000e+03
2.193253906250000000e+03
2.041670166015625000e+03
2.075606201171875000e+03
2.114934570312500000e+03
2.287301025390625000e+03
2.613090332031250000e+03
2.664894287109375000e+03
2.220222656250000000e+03
2.166649414062500000e+03
2.531805908203125000e+03
2.538566650390625000e+03
2.284588378906250000e+03
2.152215576171875000e+03
2.116941894531250000e+03
2.169949707031250000e+03
2.460220703125000000e+03
2.576487792968750000e+03
2.351082763671875000e+03
2.111309082031250000e+03
2.088033691406250000e+03
2.086533203125000000e+03
2.165185546875000000e+03
2.430822265625000000e+03
2.593640625000000000e+03
2.297402832031250000e+03
2.058238525390625000e+03
2.049934814453125000e+03
2.291605224609375000e+03
2.625323486328125000e+03
2.395028076171875000e+03
2.099655273437500000e+03
2.147734375000000000e+03
2.180307128906250000e+03
2.388517089843750000e+03
2.527118896484375000e+03
2.469760253906250000e+03
2.281093261718750000e+03
2.140688964843750000e+03
2.084762695312500000e+03
2.056084228515625000e+03
2.043867919921875000e+03
2.240791259765625000e+03
2.569603027343750000e+03
2.581544921875000000e+03
2.290291992187500000e+03
2.187359375000000000e+03
2.104377929687500000e+03
2.095726806640625000e+03
2.068056884765625000e+03
2.037574462890625000e+03
2.061599365234375000e+03
2.125681640625000000e+03
2.520927734375000000e+03
2.763849609375000000e+03
2.287926269531250000e+03
2.088605224609375000e+03
2.453804687500000000e+03
2.770623046875000000e+03
2.568371582031250000e+03
2.249374267578125000e+03
2.190007324218750000e+03
2.448699218750000000e+03
2.593460449218750000e+03
2.412881835937500000e+03
2.248084472656250000e+03
2.124976074218750000e+03
2.199220458984375000e+03
2.309446289062500000e+03
2.516411621093750000e+03
2.485580078125000000e+03
2.264075195312500000e+03
2.193878906250000000e+03
2.059972656250000000e+03
2.080052246093750000e+03
2.147148681640625000e+03
2.227799316406250000e+03
2.519383789062500000e+03
2.649818359375000000e+03
2.501554199218750000e+03
2.172430664062500000e+03
2.173394042968750000e+03
2.320668457031250000e+03
2.546522216796875000e+03
2.625137939453125000e+03
2.339190429687500000e+03
2.205442871093750000e+03
2.140428222656250000e+03
2.134597656250000000e+03
2.311530273437500000e+03
2.514341308593750000e+03
2.571725097656250000e+03
2.309424560546875000e+03
2.267515136718750000e+03
2.198187988281250000e+03
2.234030273437500000e+03
2.237758300781250000e+03
2.361823486328125000e+03
2.446930908203125000e+03
2.444553222656250000e+03
2.356058593750000000e+03
2.330998535156250000e+03
2.255993896484375000e+03
2.299296630859375000e+03
2.283533691406250000e+03
2.367158691406250000e+03
2.469646484375000000e+03
2.496666992187500000e+03
2.351239013671875000e+03
2.247611572265625000e+03
2.151149414062500000e+03
2.149973632812500000e+03
2.114933593750000000e+03
2.130023925781250000e+03
2.184203125000000000e+03
2.368731689453125000e+03
2.691076660156250000e+03
2.573228515625000000e+03
2.364042480468750000e+03
2.187474121093750000e+03
2.104049560546875000e+03
2.246563720703125000e+03
2.481313476562500000e+03
2.790250244140625000e+03
2.540026611328125000e+03
2.411065917968750000e+03
2.179708496093750000e+03
2.183139160156250000e+03
2.209177246093750000e+03
2.331885742187500000e+03
2.637902343750000000e+03
2.680641601562500000e+03
2.445722900390625000e+03
2.169680419921875000e+03
2.213688964843750000e+03
2.220497070312500000e+03
2.406495605468750000e+03
2.647923339843750000e+03
2.642098144531250000e+03
2.425224609375000000e+03
2.192672363281250000e+03
2.236446044921875000e+03
2.531781738281250000e+03
2.706349365234375000e+03
2.518878417968750000e+03
2.236707519531250000e+03
2.227539062500000000e+03
2.220687011718750000e+03
2.354082519531250000e+03
2.613541992187500000e+03
2.611976562500000000e+03
2.404339843750000000e+03
2.218905273437500000e+03
2.204249267578125000e+03
2.155778076171875000e+03
2.300983886718750000e+03
2.578267578125000000e+03
2.703332031250000000e+03
2.515549560546875000e+03
2.255948730468750000e+03
2.238705566406250000e+03
2.226895507812500000e+03
2.326312988281250000e+03
2.627061767578125000e+03
2.650911621093750000e+03
2.559444580078125000e+03
2.334726074218750000e+03
2.320340332031250000e+03
2.235690429687500000e+03
2.251363281250000000e+03
2.269345214843750000e+03
2.472186523437500000e+03
2.704551025390625000e+03
2.712355957031250000e+03
2.424312500000000000e+03
2.362616210937500000e+03
2.256945800781250000e+03
2.239515136718750000e+03
2.273109863281250000e+03
2.252081542968750000e+03
2.299304199218750000e+03
2.482384277343750000e+03
2.738969482421875000e+03
2.702976074218750000e+03
2.386008789062500000e+03
2.345499023437500000e+03
2.272128173828125000e+03
2.279115234375000000e+03
2.319531250000000000e+03
2.424650878906250000e+03
2.712565429687500000e+03
2.684951416015625000e+03
2.445129882812500000e+03
2.274505371093750000e+03
2.278189453125000000e+03
2.339376953125000000e+03
2.611881835937500000e+03
2.841252685546875000e+03
2.462139648437500000e+03
2.303036376953125000e+03
2.279229492187500000e+03
2.498331542968750000e+03
2.734471191406250000e+03
2.603780761718750000e+03
2.452118408203125000e+03
2.286664062500000000e+03
2.278945068359375000e+03
2.347144531250000000e+03
2.612337890625000000e+03
2.828625000000000000e+03
2.514950439453125000e+03
2.327598144531250000e+03
2.264115966796875000e+03
2.283093261718750000e+03
2.401156738281250000e+03
2.709320800781250000e+03
2.774100585937500000e+03
2.505550048828125000e+03
2.356249023437500000e+03
2.318981933593750000e+03
2.300396484375000000e+03
2.323456542968750000e+03
2.379819335937500000e+03
2.589921875000000000e+03
2.850071289062500000e+03
2.657983398437500000e+03
2.421232910156250000e+03
2.324106689453125000e+03
2.296248291015625000e+03
2.324248046875000000e+03
2.545702148437500000e+03
2.829592285156250000e+03
2.727010742187500000e+03
2.422765625000000000e+03
2.372326660156250000e+03
2.282845458984375000e+03
2.372756347656250000e+03
2.606781494140625000e+03
2.771955566406250000e+03
2.518938964843750000e+03
2.275487792968750000e+03
2.294489990234375000e+03
2.298225830078125000e+03
2.352625244140625000e+03
2.693578369140625000e+03
2.904275878906250000e+03
2.580959228515625000e+03
2.312407226562500000e+03
2.364712158203125000e+03
2.551945800781250000e+03
2.783849609375000000e+03
2.760439453125000000e+03
2.453034912109375000e+03
2.347708251953125000e+03
2.300683837890625000e+03
2.305395507812500000e+03
2.305218505859375000e+03
2.345480957031250000e+03
2.402551757812500000e+03
2.585750000000000000e+03
2.881676025390625000e+03
2.694856445312500000e+03
2.538274414062500000e+03
2.364955810546875000e+03
2.362910400390625000e+03
2.248885742187500000e+03
2.347087646484375000e+03
2.492846191406250000e+03
2.922381835937500000e+03
2.770760009765625000e+03
2.560052734375000000e+03
2.356487304687500000e+03
2.278576660156250000e+03
2.342401855468750000e+03
2.530307128906250000e+03
2.856946289062500000e+03
2.748139160156250000e+03
2.561644775390625000e+03
2.368475830078125000e+03
2.289951416015625000e+03
2.345881835937500000e+03
2.490955322265625000e+03
2.762165527343750000e+03
2.820207519531250000e+03
2.584396484375000000e+03
2.396049804687500000e+03
2.356038085937500000e+03
2.302931640625000000e+03
2.424610351562500000e+03
2.666158935546875000e+03
2.940006347656250000e+03
2.755830078125000000e+03
2.395701904296875000e+03
2.422271728515625000e+03
2.566607421875000000e+03
2.836645263671875000e+03
2.832362548828125000e+03
2.557560058593750000e+03
2.464601074218750000e+03
2.350828613281250000e+03
2.336221191406250000e+03
2.363850585937500000e+03
2.464290527343750000e+03
2.882404296875000000e+03
2.908764648437500000e+03
2.644922363281250000e+03
2.365857421875000000e+03
2.387165527343750000e+03
2.527916015625000000e+03
2.819985107421875000e+03
2.914831787109375000e+03
2.571247314453125000e+03
2.482128906250000000e+03
2.351797119140625000e+03
2.402864501953125000e+03
2.523689941406250000e+03
2.717837890625000000e+03
2.872722412109375000e+03
2.606692626953125000e+03
2.512463623046875000e+03
2.441791259765625000e+03
2.442428710937500000e+03
2.418891601562500000e+03
2.534562011718750000e+03
2.704387451171875000e+03
2.838911132812500000e+03
2.645337646484375000e+03
2.597821777343750000e+03
2.517270507812500000e+03
2.481434814453125000e+03
2.442206298828125000e+03
2.518992675781250000e+03
2.640340820312500000e+03
2.897166992187500000e+03
2.750394531250000000e+03
2.616052978515625000e+03
2.400454833984375000e+03
2.386730957031250000e+03
2.458268066406250000e+03
2.620816894531250000e+03
2.976091064453125000e+03
2.669100097656250000e+03
2.498565917968750000e+03
2.361402343750000000e+03
2.465338134765625000e+03
2.701508300781250000e+03
2.893765869140625000e+03
2.776855957031250000e+03
2.515237548828125000e+03
2.479755371093750000e+03
2.438736328125000000e+03
2.482312988281250000e+03
2.668148437500000000e+03
2.862655761718750000e+03
2.854418701171875000e+03
2.579041259765625000e+03
2.526227539062500000e+03
2.450959472656250000e+03
2.455286376953125000e+03
2.569593261718750000e+03
2.875485839843750000e+03
2.835185058593750000e+03
2.714845214843750000e+03
2.441340576171875000e+03
2.418329101562500000e+03
2.441474609375000000e+03
2.508168457031250000e+03
2.906257812500000000e+03
2.829727539062500000e+03
2.577126464843750000e+03
2.402029052734375000e+03
2.382285156250000000e+03
2.425817138671875000e+03
2.634485351562500000e+03
2.931836425781250000e+03
2.764795898437500000e+03
2.547041992187500000e+03
2.415703613281250000e+03
2.435836425781250000e+03
2.653369628906250000e+03
2.841035400390625000e+03
2.984255615234375000e+03
2.621715576171875000e+03
2.554186523437500000e+03
2.476088134765625000e+03
2.480731933593750000e+03
2.738690429687500000e+03
2.876866699218750000e+03
2.834232421875000000e+03
2.601505859375000000e+03
2.534231933593750000e+03
2.478999267578125000e+03
2.479886718750000000e+03
2.496468017578125000e+03
2.657894531250000000e+03
2.900527587890625000e+03
2.888966308593750000e+03
2.551354248046875000e+03
2.394863525390625000e+03
2.422367675781250000e+03
2.530968261718750000e+03
2.863726806640625000e+03
2.970253417968750000e+03
2.845020996093750000e+03
2.503729248046875000e+03
2.532985107421875000e+03
2.458110839843750000e+03
2.494399414062500000e+03
2.783928466796875000e+03
2.986891845703125000e+03
2.835280029296875000e+03
2.492748779296875000e+03
2.436385009765625000e+03
2.443910400390625000e+03
2.577949707031250000e+03
2.911649414062500000e+03
2.951298828125000000e+03
2.712119140625000000e+03
2.551578125000000000e+03
2.485579101562500000e+03
2.549295410156250000e+03
2.657323242187500000e+03
2.921077636718750000e+03
2.801816162109375000e+03
2.662605957031250000e+03
2.484325439453125000e+03
2.472739990234375000e+03
2.437584716796875000e+03
2.448556640625000000e+03
2.415387695312500000e+03
2.568101806640625000e+03
2.863208496093750000e+03
3.090395751953125000e+03
2.732467285156250000e+03
2.621134521484375000e+03
2.502958740234375000e+03
2.522103027343750000e+03
2.464500488281250000e+03
2.454426025390625000e+03
2.480898437500000000e+03
2.610227050781250000e+03
2.974315429687500000e+03
3.109428710937500000e+03
2.700895751953125000e+03
2.597387207031250000e+03
2.447094238281250000e+03
2.488438964843750000e+03
2.451600585937500000e+03
2.523581298828125000e+03
2.821415283203125000e+03
3.096739746093750000e+03
2.845702148437500000e+03
2.522231689453125000e+03
2.497220947265625000e+03
2.535175781250000000e+03
2.730907226562500000e+03
3.025141357421875000e+03
2.872058837890625000e+03
2.696231933593750000e+03
2.516980224609375000e+03
2.479927246093750000e+03
2.495547119140625000e+03
2.576281738281250000e+03
2.770644287109375000e+03
3.034316406250000000e+03
2.846860595703125000e+03
2.760299072265625000e+03
2.544600585937500000e+03
2.486983642578125000e+03
2.528642578125000000e+03
2.581683105468750000e+03
2.822974121093750000e+03
3.110677734375000000e+03
2.824566406250000000e+03
2.633100585937500000e+03
