2.404941894531250000e+03
2.318440551757812500e+02
2.633601684570312500e+02
5.298918457031250000e+02
8.253299560546875000e+02
1.110862792968750000e+03
1.381660034179687500e+03
1.607203979492187500e+03
1.770483642578125000e+03
1.864882568359375000e+03
1.875904785156250000e+03
1.807269287109375000e+03
1.616083862304687500e+03
1.322177612304687500e+03
1.163731445312500000e+03
1.268781738281250000e+03
9.530223388671875000e+02
1.116469238281250000e+03
1.179271606445312500e+03
1.133835815429687500e+03
1.040336547851562500e+03
1.074344238281250000e+03
8.852176513671875000e+02
8.983315429687500000e+02
9.054901123046875000e+02
8.797080688476562500e+02
8.734782714843750000e+02
8.577240600585937500e+02
8.511128540039062500e+02
8.397776489257812500e+02
8.399024047851562500e+02
8.305078125000000000e+02
8.246137084960937500e+02
8.213885498046875000e+02
8.266818847656250000e+02
8.181542968750000000e+02
8.196579589843750000e+02
8.147067260742187500e+02
8.250999755859375000e+02
8.511983642578125000e+02
8.411721191406250000e+02
9.162190551757812500e+02
8.328653564453125000e+02
1.624147094726562500e+03
1.772783935546875000e+03
2.793204101562500000e+03
3.478269287109375000e+03
3.888868652343750000e+03
3.953952636718750000e+03
3.820318359375000000e+03
3.418258789062500000e+03
2.738157226562500000e+03
1.936377929687500000e+03
3.115079833984375000e+03
1.555518432617187500e+03
1.741801513671875000e+03
1.892474975585937500e+03
1.835941284179687500e+03
1.662075439453125000e+03
1.826829223632812500e+03
1.608145019531250000e+03
1.525357910156250000e+03
1.558872802734375000e+03
1.515570190429687500e+03
1.548975097656250000e+03
1.488634155273437500e+03
1.453040405273437500e+03
1.440212646484375000e+03
1.430524658203125000e+03
1.396564208984375000e+03
1.358559692382812500e+03
1.358254150390625000e+03
1.353660888671875000e+03
1.329251831054687500e+03
1.315920410156250000e+03
1.301392333984375000e+03
1.297478759765625000e+03
1.279240478515625000e+03
1.281384033203125000e+03
1.269170532226562500e+03
1.261547485351562500e+03
1.250018554687500000e+03
1.254419067382812500e+03
1.250722656250000000e+03
1.235816284179687500e+03
1.246188476562500000e+03
1.224934204101562500e+03
1.235064453125000000e+03
1.257117675781250000e+03
1.254834228515625000e+03
1.303821166992187500e+03
1.276094482421875000e+03
1.292081176757812500e+03
1.270707519531250000e+03
1.250859619140625000e+03
1.353407836914062500e+03
1.707732910156250000e+03
1.648661254882812500e+03
1.644691894531250000e+03
1.585406982421875000e+03
1.638682006835937500e+03
1.596537841796875000e+03
1.495681396484375000e+03
1.555830810546875000e+03
1.512077758789062500e+03
1.517478515625000000e+03
1.615854248046875000e+03
1.540570068359375000e+03
1.493491088867187500e+03
1.626131469726562500e+03
1.529708251953125000e+03
1.540855468750000000e+03
1.664743896484375000e+03
1.566594238281250000e+03
1.557650390625000000e+03
1.707413574218750000e+03
1.584540283203125000e+03
1.587410156250000000e+03
1.816989746093750000e+03
1.618441650390625000e+03
1.840218505859375000e+03
2.410440917968750000e+03
2.711089111328125000e+03
2.134217773437500000e+03
3.306868408203125000e+03
2.436824707031250000e+03
3.118970458984375000e+03
3.048377441406250000e+03
2.599143310546875000e+03
3.216723632812500000e+03
2.492696533203125000e+03
2.560747558593750000e+03
2.554432128906250000e+03
2.436382080078125000e+03
2.425539062500000000e+03
2.238329833984375000e+03
2.234264160156250000e+03
2.215089843750000000e+03
2.129460449218750000e+03
2.063467285156250000e+03
2.058976074218750000e+03
1.983476684570312500e+03
1.950511962890625000e+03
1.928678710937500000e+03
1.944422851562500000e+03
1.933901855468750000e+03
1.897945678710937500e+03
1.897308593750000000e+03
1.857133056640625000e+03
1.959869140625000000e+03
2.223109130859375000e+03
1.868458496093750000e+03
2.800333251953125000e+03
3.345180419921875000e+03
4.329786132812500000e+03
4.406139160156250000e+03
3.525809570312500000e+03
2.868114746093750000e+03
4.543498535156250000e+03
2.973566162109375000e+03
3.838195312500000000e+03
4.012865722656250000e+03
3.461639648437500000e+03
3.722813232421875000e+03
3.316030029296875000e+03
2.969695312500000000e+03
3.144810058593750000e+03
3.022625000000000000e+03
3.165548828125000000e+03
2.869367187500000000e+03
2.799161621093750000e+03
2.721788330078125000e+03
2.737092773437500000e+03
2.554554687500000000e+03
2.526881347656250000e+03
2.460542480468750000e+03
2.473578613281250000e+03
2.418117675781250000e+03
2.347344726562500000e+03
2.371420654296875000e+03
2.276473144531250000e+03
2.240097412109375000e+03
2.269207031250000000e+03
2.264560546875000000e+03
2.163690917968750000e+03
2.168179199218750000e+03
2.216850830078125000e+03
2.154451171875000000e+03
2.091037597656250000e+03
2.038823608398437500e+03
2.015670776367187500e+03
2.018558837890625000e+03
2.210906738281250000e+03
2.765746337890625000e+03
2.339705810546875000e+03
3.756703857421875000e+03
3.365656250000000000e+03
4.250266113281250000e+03
3.793845214843750000e+03
3.064077148437500000e+03
4.097267578125000000e+03
2.918525878906250000e+03
3.104669433593750000e+03
3.155036132812500000e+03
3.024129394531250000e+03
3.153303710937500000e+03
2.758184082031250000e+03
2.726150390625000000e+03
2.797796386718750000e+03
2.578108398437500000e+03
2.602166503906250000e+03
2.538207275390625000e+03
2.496636230468750000e+03
2.436389892578125000e+03
2.389401367187500000e+03
2.329994140625000000e+03
2.292020996093750000e+03
2.295385498046875000e+03
2.253933593750000000e+03
2.170265869140625000e+03
2.142789306640625000e+03
2.125841552734375000e+03
2.094495605468750000e+03
2.103569824218750000e+03
2.071149902343750000e+03
2.034304199218750000e+03
2.002835083007812500e+03
1.992774902343750000e+03
2.034528076171875000e+03
2.206906250000000000e+03
3.026351562500000000e+03
3.990114257812500000e+03
4.663949218750000000e+03
3.708952636718750000e+03
3.875456787109375000e+03
3.343622802734375000e+03
3.154537109375000000e+03
3.391097412109375000e+03
3.276170898437500000e+03
3.316625488281250000e+03
3.107312500000000000e+03
3.007764404296875000e+03
3.239964843750000000e+03
2.888847167968750000e+03
2.895189453125000000e+03
2.888537597656250000e+03
2.776295898437500000e+03
2.726884033203125000e+03
2.678066650390625000e+03
2.598876953125000000e+03
2.543557861328125000e+03
2.538696777343750000e+03
2.442395996093750000e+03
2.355483886718750000e+03
2.316926269531250000e+03
2.288511962890625000e+03
2.296284179687500000e+03
2.286575927734375000e+03
2.504314453125000000e+03
3.036760253906250000e+03
2.381184814453125000e+03
3.380951171875000000e+03
3.919784667968750000e+03
4.166954589843750000e+03
3.253758300781250000e+03
4.365193359375000000e+03
3.091669921875000000e+03
3.588274902343750000e+03
3.308496093750000000e+03
3.674331787109375000e+03
3.070481445312500000e+03
3.118034667968750000e+03
3.086236328125000000e+03
2.919452636718750000e+03
2.903103271484375000e+03
2.783528808593750000e+03
2.828940429687500000e+03
2.749876953125000000e+03
2.605626953125000000e+03
2.749172363281250000e+03
2.805541503906250000e+03
2.543802001953125000e+03
2.689338134765625000e+03
2.909681884765625000e+03
2.479475341796875000e+03
2.917683105468750000e+03
3.270094970703125000e+03
2.928462890625000000e+03
3.730710449218750000e+03
2.735365234375000000e+03
2.845933593750000000e+03
3.139666748046875000e+03
2.579425781250000000e+03
2.613381347656250000e+03
2.708808349609375000e+03
2.494089599609375000e+03
2.406542724609375000e+03
2.434254882812500000e+03
2.482192382812500000e+03
2.463897949218750000e+03
2.389858886718750000e+03
2.367721191406250000e+03
2.272635009765625000e+03
2.227064208984375000e+03
2.293949218750000000e+03
2.368935302734375000e+03
2.569503417968750000e+03
2.424391357421875000e+03
2.221138671875000000e+03
2.113606445312500000e+03
2.114468261718750000e+03
2.240241210937500000e+03
2.630208496093750000e+03
3.406676757812500000e+03
2.480078613281250000e+03
4.111530273437500000e+03
3.358128906250000000e+03
3.521496582031250000e+03
3.278155273437500000e+03
3.133271728515625000e+03
3.154474121093750000e+03
3.098043212890625000e+03
3.253168457031250000e+03
2.718570312500000000e+03
2.868267578125000000e+03
2.774362304687500000e+03
2.572051269531250000e+03
2.598819335937500000e+03
2.590373046875000000e+03
2.449614746093750000e+03
2.360224365234375000e+03
2.320270019531250000e+03
2.366996826171875000e+03
2.439114746093750000e+03
2.426650634765625000e+03
2.363111816406250000e+03
2.254670166015625000e+03
2.211042236328125000e+03
2.122186523437500000e+03
2.106012207031250000e+03
2.041688110351562500e+03
2.101901611328125000e+03
2.300189208984375000e+03
2.790796630859375000e+03
3.196762207031250000e+03
2.386099121093750000e+03
3.460186279296875000e+03
3.306687500000000000e+03
3.062132080078125000e+03
3.709762207031250000e+03
2.640956542968750000e+03
3.053377197265625000e+03
2.894888183593750000e+03
2.670972412109375000e+03
2.754405761718750000e+03
2.621272705078125000e+03
2.484753417968750000e+03
2.574931640625000000e+03
2.518302490234375000e+03
2.326842285156250000e+03
2.288114013671875000e+03
2.358986328125000000e+03
2.442869384765625000e+03
2.460645507812500000e+03
2.294123046875000000e+03
2.259633300781250000e+03
2.154429931640625000e+03
2.135724609375000000e+03
2.122463867187500000e+03
2.081357421875000000e+03
2.079166992187500000e+03
2.146784912109375000e+03
2.464198974609375000e+03
3.097078613281250000e+03
2.466487548828125000e+03
2.631589355468750000e+03
3.227101074218750000e+03
2.620607666015625000e+03
3.082791992187500000e+03
3.006491455078125000e+03
2.724569824218750000e+03
3.083133300781250000e+03
2.907666015625000000e+03
2.697613769531250000e+03
2.897307128906250000e+03
2.731956542968750000e+03
2.582143066406250000e+03
2.614700195312500000e+03
2.604779541015625000e+03
2.551119628906250000e+03
2.328961669921875000e+03
2.353761474609375000e+03
2.651516113281250000e+03
2.776508544921875000e+03
2.409375000000000000e+03
2.400100585937500000e+03
2.793240722656250000e+03
2.515194091796875000e+03
2.223190917968750000e+03
2.324746337890625000e+03
2.570467529296875000e+03
2.702188720703125000e+03
2.313245605468750000e+03
2.184661132812500000e+03
2.379742187500000000e+03
2.629676757812500000e+03
2.620179687500000000e+03
2.279257812500000000e+03
2.182214843750000000e+03
2.532614013671875000e+03
2.521784667968750000e+03
2.357663574218750000e+03
2.210747070312500000e+03
2.100013916015625000e+03
2.036932617187500000e+03
2.027512939453125000e+03
2.205210693359375000e+03
2.538138671875000000e+03
2.883770996093750000e+03
2.309023437500000000e+03
2.241593505859375000e+03
2.891208496093750000e+03
2.463110107421875000e+03
2.234054687500000000e+03
2.510476806640625000e+03
2.617230224609375000e+03
2.366932861328125000e+03
2.177852294921875000e+03
2.132894042968750000e+03
2.257233642578125000e+03
2.473473144531250000e+03
2.535040527343750000e+03
2.245711425781250000e+03
2.097185058593750000e+03
2.153436767578125000e+03
2.501290527343750000e+03
2.678462646484375000e+03
2.214802001953125000e+03
2.104503662109375000e+03
2.477817382812500000e+03
2.604775390625000000e+03
2.315032958984375000e+03
2.102797363281250000e+03
2.087892578125000000e+03
2.275054199218750000e+03
2.505379394531250000e+03
2.483205566406250000e+03
2.274307128906250000e+03
2.016695800781250000e+03
2.032729003906250000e+03
1.966546142578125000e+03
2.030323486328125000e+03
2.230852050781250000e+03
2.541331542968750000e+03
2.371591064453125000e+03
2.047844482421875000e+03
2.023234008789062500e+03
2.090738281250000000e+03
2.289963134765625000e+03
2.493498046875000000e+03
2.403498046875000000e+03
2.150807128906250000e+03
2.014113037109375000e+03
1.976747680664062500e+03
1.960494750976562500e+03
2.098656738281250000e+03
2.357607421875000000e+03
2.671223144531250000e+03
2.400151611328125000e+03
2.061832275390625000e+03
2.021388671875000000e+03
2.057256103515625000e+03
2.173551757812500000e+03
2.400393798828125000e+03
2.595802734375000000e+03
2.213078613281250000e+03
2.018603027343750000e+03
2.196020996093750000e+03
2.437025390625000000e+03
2.648437988281250000e+03
2.338893066406250000e+03
2.068888671875000000e+03
2.250159179687500000e+03
2.396907958984375000e+03
2.520485351562500000e+03
2.329915283203125000e+03
2.071686767578125000e+03
2.081325195312500000e+03
2.167108886718750000e+03
2.219368164062500000e+03
2.346072265625000000e+03
2.333523437500000000e+03
2.271125488281250000e+03
2.089423828125000000e+03
2.054059570312500000e+03
2.007627929687500000e+03
2.106394775390625000e+03
2.361273925781250000e+03
2.536417724609375000e+03
2.368834228515625000e+03
2.124617675781250000e+03
1.985073974609375000e+03
2.016236083984375000e+03
2.252614746093750000e+03
2.551235839843750000e+03
2.339786621093750000e+03
2.042925170898437500e+03
1.995184570312500000e+03
1.968399780273437500e+03
2.093809570312500000e+03
2.352056884765625000e+03
2.531030761718750000e+03
2.362158935546875000e+03
2.063897705078125000e+03
1.987191894531250000e+03
1.923067382812500000e+03
2.058869384765625000e+03
2.198147949218750000e+03
2.458969482421875000e+03
2.434652587890625000e+03
2.219768310546875000e+03
2.110131835937500000e+03
2.002946044921875000e+03
2.007494506835937500e+03
2.014771728515625000e+03
2.159866455078125000e+03
2.466342285156250000e+03
2.314019775390625000e+03
2.134883789062500000e+03
2.037982177734375000e+03
1.967169921875000000e+03
1.990104736328125000e+03
1.946815917968750000e+03
2.068708496093750000e+03
2.281556396484375000e+03
2.488694824218750000e+03
2.442723632812500000e+03
2.126321777343750000e+03
1.980027587890625000e+03
1.987402709960937500e+03
2.256777832031250000e+03
2.617177490234375000e+03
2.348501953125000000e+03
2.034760742187500000e+03
1.989018066406250000e+03
1.917158691406250000e+03
1.931663574218750000e+03
1.909072998046875000e+03
2.103950439453125000e+03
2.449906738281250000e+03
2.424378417968750000e+03
2.185857421875000000e+03
1.964857055664062500e+03
1.925290649414062500e+03
1.901482543945312500e+03
1.870415405273437500e+03
1.992011352539062500e+03
2.183616943359375000e+03
2.661498291015625000e+03
2.362784179687500000e+03
2.049298583984375000e+03
1.970375122070312500e+03
2.084498291015625000e+03
2.326136718750000000e+03
2.505778320312500000e+03
2.345818359375000000e+03
2.118207275390625000e+03
1.995892578125000000e+03
2.086023925781250000e+03
2.117061523437500000e+03
2.353339355468750000e+03
2.415347167968750000e+03
2.178282958984375000e+03
2.120873535156250000e+03
1.986533691406250000e+03
1.990249267578125000e+03
2.033568115234375000e+03
2.126924560546875000e+03
2.444487060546875000e+03
2.271102050781250000e+03
2.109845703125000000e+03
2.018666625976562500e+03
2.035279296875000000e+03
2.105131103515625000e+03
2.243752685546875000e+03
2.308397460937500000e+03
2.294982910156250000e+03
2.209698730468750000e+03
2.085237304687500000e+03
1.979924560546875000e+03
2.060090576171875000e+03
1.956910400390625000e+03
2.033162353515625000e+03
2.212110839843750000e+03
2.448805175781250000e+03
2.370300781250000000e+03
2.103154296875000000e+03
2.108476074218750000e+03
1.953832031250000000e+03
2.046535034179687500e+03
2.059008300781250000e+03
2.362183593750000000e+03
2.495433593750000000e+03
2.161430175781250000e+03
2.005407226562500000e+03
1.999201660156250000e+03
2.122297851562500000e+03
2.389062744140625000e+03
2.453115478515625000e+03
2.193724121093750000e+03
2.081835937500000000e+03
1.964502563476562500e+03
1.977942871093750000e+03
1.965255493164062500e+03
1.938688842773437500e+03
1.949420410156250000e+03
2.018306640625000000e+03
2.144660644531250000e+03
2.482918945312500000e+03
2.495880126953125000e+03
2.206916748046875000e+03
2.130596923828125000e+03
1.987542358398437500e+03
2.003323730468750000e+03
1.939707031250000000e+03
1.938768554687500000e+03
1.927325561523437500e+03
1.956685913085937500e+03
2.218816406250000000e+03
2.720762939453125000e+03
2.458697265625000000e+03
2.126872558593750000e+03
2.072040039062500000e+03
1.985754394531250000e+03
2.035516235351562500e+03
2.021643310546875000e+03
2.122599121093750000e+03
2.282835693359375000e+03
2.558987304687500000e+03
2.381651855468750000e+03
2.172739257812500000e+03
2.141586425781250000e+03
2.116100830078125000e+03
2.321490234375000000e+03
2.307636962890625000e+03
2.478458740234375000e+03
2.397645019531250000e+03
2.408284667968750000e+03
2.181796142578125000e+03
2.165137207031250000e+03
2.089507324218750000e+03
2.300105468750000000e+03
2.439146240234375000e+03
2.372745117187500000e+03
2.145698486328125000e+03
2.169477294921875000e+03
2.038036376953125000e+03
2.142584960937500000e+03
2.076184326171875000e+03
2.354208007812500000e+03
2.366185302734375000e+03
2.353461914062500000e+03
2.169428222656250000e+03
2.205179687500000000e+03
2.146287109375000000e+03
2.286369140625000000e+03
2.369227539062500000e+03
2.293494140625000000e+03
2.195377929687500000e+03
2.147428710937500000e+03
2.084973144531250000e+03
2.127181396484375000e+03
2.216860839843750000e+03
2.311099609375000000e+03
2.324915771484375000e+03
2.210406982421875000e+03
2.125749511718750000e+03
2.144698242187500000e+03
2.181051513671875000e+03
2.352932128906250000e+03
2.331567871093750000e+03
2.203176757812500000e+03
2.072601562500000000e+03
2.015718750000000000e+03
1.963464843750000000e+03
1.998317138671875000e+03
2.116520019531250000e+03
2.451142089843750000e+03
2.577941650390625000e+03
2.226070800781250000e+03
2.000867431640625000e+03
1.934655639648437500e+03
1.964594726562500000e+03
2.212654785156250000e+03
2.477178710937500000e+03
2.482013427734375000e+03
2.149680664062500000e+03
2.020074951171875000e+03
2.047719604492187500e+03
2.203146728515625000e+03
2.397525878906250000e+03
2.421637207031250000e+03
2.142377929687500000e+03
2.104953613281250000e+03
1.983751708984375000e+03
1.994254638671875000e+03
1.984356811523437500e+03
1.968490478515625000e+03
2.000339721679687500e+03
2.223826904296875000e+03
2.588688476562500000e+03
2.309934814453125000e+03
2.051787109375000000e+03
1.941319458007812500e+03
1.921420532226562500e+03
1.881000976562500000e+03
1.945446289062500000e+03
2.160306152343750000e+03
2.612022460937500000e+03
2.516677734375000000e+03
2.077011230468750000e+03
2.012700317382812500e+03
2.029123046875000000e+03
2.201099853515625000e+03
2.517862304687500000e+03
2.224593261718750000e+03
2.056973876953125000e+03
1.919103271484375000e+03
1.935392822265625000e+03
2.046514404296875000e+03
2.286029785156250000e+03
2.677207031250000000e+03
2.274301269531250000e+03
1.992691894531250000e+03
1.971397338867187500e+03
2.053004150390625000e+03
2.290538574218750000e+03
2.475125000000000000e+03
2.271949218750000000e+03
2.058345214843750000e+03
1.979125244140625000e+03
1.903050292968750000e+03
1.919031005859375000e+03
1.912032714843750000e+03
1.886537841796875000e+03
1.899988769531250000e+03
1.867980346679687500e+03
1.913344482421875000e+03
1.926893310546875000e+03
2.303580078125000000e+03
2.660062988281250000e+03
2.290902832031250000e+03
2.039410400390625000e+03
1.934898193359375000e+03
1.987676269531250000e+03
2.082555419921875000e+03
2.373056640625000000e+03
2.581714111328125000e+03
2.293480712890625000e+03
2.069246582031250000e+03
2.006084350585937500e+03
1.975317871093750000e+03
1.999501098632812500e+03
1.994426269531250000e+03
2.111189941406250000e+03
2.469292480468750000e+03
2.537164062500000000e+03
2.193240722656250000e+03
2.032975097656250000e+03
2.018967163085937500e+03
2.116119140625000000e+03
2.240190429687500000e+03
2.487742675781250000e+03
2.409374267578125000e+03
2.279577636718750000e+03
2.143225097656250000e+03
2.055432861328125000e+03
2.055471435546875000e+03
2.048301269531250000e+03
2.180153320312500000e+03
2.427480957031250000e+03
2.427898681640625000e+03
2.269311523437500000e+03
2.170819824218750000e+03
2.117296386718750000e+03
2.148161865234375000e+03
2.234168457031250000e+03
2.394331542968750000e+03
2.440507812500000000e+03
2.240095703125000000e+03
2.175247070312500000e+03
2.111287109375000000e+03
2.193816894531250000e+03
2.327586914062500000e+03
2.473464355468750000e+03
2.383498291015625000e+03
2.227224609375000000e+03
2.073275878906250000e+03
2.043353759765625000e+03
1.973362670898437500e+03
2.022183593750000000e+03
1.964939331054687500e+03
1.969962646484375000e+03
1.986890869140625000e+03
1.898353027343750000e+03
1.938809936523437500e+03
1.977626220703125000e+03
2.248256835937500000e+03
2.683753906250000000e+03
2.519568359375000000e+03
2.105740234375000000e+03
2.015467041015625000e+03
1.992992797851562500e+03
2.243445068359375000e+03
2.570380126953125000e+03
2.535498291015625000e+03
2.223701660156250000e+03
2.039188964843750000e+03
2.041578125000000000e+03
2.081802001953125000e+03
2.237196289062500000e+03
2.688559570312500000e+03
2.465542480468750000e+03
2.196135742187500000e+03
2.036890747070312500e+03
2.130492431640625000e+03
2.509184814453125000e+03
2.475760253906250000e+03
2.323192382812500000e+03
2.093630859375000000e+03
2.103708984375000000e+03
2.016138793945312500e+03
2.100177978515625000e+03
2.175639160156250000e+03
2.348126464843750000e+03
2.472397460937500000e+03
2.344755126953125000e+03
2.217022949218750000e+03
2.077155761718750000e+03
2.109703613281250000e+03
2.144253417968750000e+03
2.361555664062500000e+03
2.457204589843750000e+03
2.313209716796875000e+03
2.142757812500000000e+03
2.109275390625000000e+03
2.133182617187500000e+03
2.309451660156250000e+03
2.357005859375000000e+03
2.398392089843750000e+03
2.261560302734375000e+03
2.181473632812500000e+03
2.121457519531250000e+03
2.158566894531250000e+03
2.192127441406250000e+03
2.355998535156250000e+03
2.284457519531250000e+03
2.283963378906250000e+03
2.227208984375000000e+03
2.217144531250000000e+03
2.181644042968750000e+03
2.337319335937500000e+03
2.247467041015625000e+03
2.292366455078125000e+03
2.277602783203125000e+03
2.250791503906250000e+03
2.277181396484375000e+03
2.273784423828125000e+03
2.191353271484375000e+03
2.256493652343750000e+03
2.231937500000000000e+03
2.194128417968750000e+03
2.148456054687500000e+03
2.238980224609375000e+03
2.309491210937500000e+03
2.398401611328125000e+03
2.309338867187500000e+03
2.292335693359375000e+03
2.245322753906250000e+03
2.186719482421875000e+03
2.208663085937500000e+03
2.294638671875000000e+03
2.281385986328125000e+03
2.180306640625000000e+03
2.116513671875000000e+03
2.122521484375000000e+03
2.163663085937500000e+03
2.350258789062500000e+03
2.396217773437500000e+03
2.319707031250000000e+03
2.141475585937500000e+03
2.147092285156250000e+03
2.072432617187500000e+03
2.166404296875000000e+03
2.269412109375000000e+03
2.406405761718750000e+03
2.238629394531250000e+03
2.213003417968750000e+03
2.067923339843750000e+03
2.210851318359375000e+03
2.188455322265625000e+03
2.260411132812500000e+03
2.277349853515625000e+03
2.230065917968750000e+03
2.203989746093750000e+03
2.261763671875000000e+03
2.182102294921875000e+03
2.250691406250000000e+03
2.153071777343750000e+03
2.221608886718750000e+03
2.243885253906250000e+03
2.356066406250000000e+03
2.225035888671875000e+03
2.218320068359375000e+03
2.206244628906250000e+03
2.266767333984375000e+03
2.296509033203125000e+03
2.354105712890625000e+03
2.274554443359375000e+03
2.270634765625000000e+03
2.207222656250000000e+03
2.236816406250000000e+03
2.168001953125000000e+03
2.271137207031250000e+03
2.362109619140625000e+03
2.301150878906250000e+03
2.238662353515625000e+03
2.182975097656250000e+03
2.177960693359375000e+03
2.224021484375000000e+03
2.314220214843750000e+03
2.422902343750000000e+03
2.325160156250000000e+03
2.277827148437500000e+03
2.198624023437500000e+03
2.128259277343750000e+03
2.185778320312500000e+03
2.159480468750000000e+03
2.252639160156250000e+03
2.343003173828125000e+03
2.363585937500000000e+03
2.328064941406250000e+03
2.197844726562500000e+03
2.192996337890625000e+03
2.154757324218750000e+03
2.161019531250000000e+03
2.277240234375000000e+03
2.303004882812500000e+03
2.399378417968750000e+03
2.313068115234375000e+03
2.152293701171875000e+03
2.162917724609375000e+03
2.184441162109375000e+03
2.266201171875000000e+03
2.293977539062500000e+03
2.344828369140625000e+03
2.251424072265625000e+03
2.298744873046875000e+03
2.174187011718750000e+03
2.142015380859375000e+03
2.136197998046875000e+03
2.227380371093750000e+03
2.261847656250000000e+03
2.363441406250000000e+03
2.232743896484375000e+03
2.142373535156250000e+03
2.190511718750000000e+03
2.234017089843750000e+03
2.331188964843750000e+03
2.348217529296875000e+03
2.297588378906250000e+03
2.190495849609375000e+03
2.111279785156250000e+03
2.156812011718750000e+03
2.140202636718750000e+03
2.175516845703125000e+03
2.419136230468750000e+03
2.446671875000000000e+03
2.385285644531250000e+03
2.188510009765625000e+03
2.128304687500000000e+03
2.121640625000000000e+03
2.096358398437500000e+03
2.102846191406250000e+03
2.314202148437500000e+03
2.408178222656250000e+03
2.298652832031250000e+03
2.128151123046875000e+03
2.028431396484375000e+03
2.029540039062500000e+03
2.006446044921875000e+03
2.145364746093750000e+03
2.353177246093750000e+03
2.461847900390625000e+03
2.268677734375000000e+03
2.140514892578125000e+03
2.061032226562500000e+03
2.019567993164062500e+03
2.035789062500000000e+03
2.090465820312500000e+03
