2.404941894531250000e+03
1.158802947998046875e+02
2.502320556640625000e+02
4.961787719726562500e+02
7.663487548828125000e+02
1.024532958984375000e+03
1.266070556640625000e+03
1.461539916992187500e+03
1.595784912109375000e+03
1.662296386718750000e+03
1.647427612304687500e+03
1.555001953125000000e+03
1.345782226562500000e+03
1.036372802734375000e+03
1.150332031250000000e+03
6.829339599609375000e+02
6.607670288085937500e+02
6.396707153320312500e+02
6.351018066406250000e+02
6.220233764648437500e+02
5.937777709960937500e+02
6.726311035156250000e+02
7.268721923828125000e+02
8.254014892578125000e+02
7.541999511718750000e+02
7.380473632812500000e+02
6.255037841796875000e+02
6.164398803710937500e+02
6.541134033203125000e+02
6.840158691406250000e+02
6.643693237304687500e+02
7.496984252929687500e+02
7.937651367187500000e+02
9.002229003906250000e+02
7.865920410156250000e+02
8.772578125000000000e+02
7.944466552734375000e+02
9.058560180664062500e+02
8.075231933593750000e+02
8.946210937500000000e+02
7.991816406250000000e+02
8.694681396484375000e+02
7.653455810546875000e+02
1.016139282226562500e+03
9.720692138671875000e+02
1.231080444335937500e+03
1.203354980468750000e+03
9.599362792968750000e+02
1.416827758789062500e+03
1.080701904296875000e+03
1.423021606445312500e+03
1.464326293945312500e+03
1.284858398437500000e+03
1.131060180664062500e+03
1.507550659179687500e+03
1.292608886718750000e+03
1.711632324218750000e+03
1.814576660156250000e+03
1.643696533203125000e+03
1.304283325195312500e+03
1.875750000000000000e+03
1.241302856445312500e+03
1.498253173828125000e+03
1.491389770507812500e+03
1.321850097656250000e+03
1.583895019531250000e+03
1.217113037109375000e+03
1.290197021484375000e+03
1.275282592773437500e+03
1.299301269531250000e+03
1.223607177734375000e+03
1.207224365234375000e+03
1.183459716796875000e+03
1.148699340820312500e+03
1.121569824218750000e+03
1.095375122070312500e+03
1.076612792968750000e+03
1.072952270507812500e+03
1.037812133789062500e+03
1.016243225097656250e+03
1.010962524414062500e+03
9.848178100585937500e+02
9.783991699218750000e+02
9.674035034179687500e+02
9.448989257812500000e+02
9.467254638671875000e+02
9.266463623046875000e+02
9.162621459960937500e+02
9.081619873046875000e+02
9.132062377929687500e+02
9.348199462890625000e+02
9.456466064453125000e+02
1.069081787109375000e+03
9.533920288085937500e+02
1.750626342773437500e+03
2.422316162109375000e+03
3.731591308593750000e+03
4.316961914062500000e+03
4.263151855468750000e+03
3.567557128906250000e+03
2.489409667968750000e+03
4.721614746093750000e+03
2.223103027343750000e+03
2.966176025390625000e+03
3.088811035156250000e+03
2.719046875000000000e+03
2.350229003906250000e+03
3.012841796875000000e+03
1.942647460937500000e+03
2.190731445312500000e+03
2.111867187500000000e+03
2.054115966796875000e+03
2.066790283203125000e+03
1.810315917968750000e+03
1.836204345703125000e+03
1.783955688476562500e+03
1.823096557617187500e+03
1.675889892578125000e+03
1.689709716796875000e+03
1.639598876953125000e+03
1.620213867187500000e+03
1.540526123046875000e+03
1.505737792968750000e+03
1.464766967773437500e+03
1.437676269531250000e+03
1.417514892578125000e+03
1.393740722656250000e+03
1.372598388671875000e+03
1.331500976562500000e+03
1.319659057617187500e+03
1.323664062500000000e+03
1.296171630859375000e+03
1.274755981445312500e+03
1.265911987304687500e+03
1.252699707031250000e+03
1.228616699218750000e+03
1.227816040039062500e+03
1.232417602539062500e+03
1.230048461914062500e+03
1.188301269531250000e+03
1.190495483398437500e+03
1.196709838867187500e+03
1.215396484375000000e+03
1.355237792968750000e+03
1.209399780273437500e+03
1.168345214843750000e+03
1.236282958984375000e+03
1.345919189453125000e+03
1.720612426757812500e+03
1.664343627929687500e+03
1.721561523437500000e+03
1.548069946289062500e+03
1.603257568359375000e+03
1.595482177734375000e+03
1.415927856445312500e+03
1.423243286132812500e+03
1.383052490234375000e+03
1.363398315429687500e+03
1.381111083984375000e+03
1.461463989257812500e+03
1.556321044921875000e+03
1.337265136718750000e+03
1.677017089843750000e+03
2.196785644531250000e+03
2.502655273437500000e+03
1.874051025390625000e+03
2.662792968750000000e+03
1.778583496093750000e+03
2.134609375000000000e+03
1.968070556640625000e+03
2.060665527343750000e+03
1.763018066406250000e+03
1.753867187500000000e+03
1.714698974609375000e+03
1.792828857421875000e+03
1.616339599609375000e+03
1.594893920898437500e+03
1.739295654296875000e+03
1.705677001953125000e+03
1.567502685546875000e+03
1.910875854492187500e+03
1.909717285156250000e+03
1.930781860351562500e+03
1.800217529296875000e+03
1.724375488281250000e+03
1.784928710937500000e+03
1.687441772460937500e+03
1.887107910156250000e+03
1.765326660156250000e+03
1.665180541992187500e+03
2.037737304687500000e+03
1.868375732421875000e+03
1.844185302734375000e+03
1.992827636718750000e+03
1.627015869140625000e+03
1.694650512695312500e+03
1.645411499023437500e+03
1.526952636718750000e+03
1.516660400390625000e+03
1.576795654296875000e+03
1.578226684570312500e+03
1.476864624023437500e+03
1.436663574218750000e+03
1.429790283203125000e+03
1.454121826171875000e+03
1.544322265625000000e+03
1.618873535156250000e+03
1.823224609375000000e+03
1.527380981445312500e+03
2.366897460937500000e+03
2.772796875000000000e+03
3.544961181640625000e+03
3.112199218750000000e+03
2.234789306640625000e+03
3.670522949218750000e+03
2.312202636718750000e+03
3.096302734375000000e+03
2.989145263671875000e+03
2.704771972656250000e+03
3.014630371093750000e+03
2.444199951171875000e+03
2.632803466796875000e+03
2.369480957031250000e+03
2.777947265625000000e+03
2.232976562500000000e+03
2.339426269531250000e+03
2.189592529296875000e+03
2.293995117187500000e+03
2.029893310546875000e+03
2.063182617187500000e+03
1.968254638671875000e+03
1.938494262695312500e+03
1.898343872070312500e+03
1.837440917968750000e+03
1.875106201171875000e+03
1.824127441406250000e+03
1.759041748046875000e+03
1.824782348632812500e+03
1.853367431640625000e+03
1.721047241210937500e+03
1.879614135742187500e+03
2.003157836914062500e+03
1.791582153320312500e+03
2.261592041015625000e+03
2.241308837890625000e+03
2.256279296875000000e+03
2.195094238281250000e+03
1.916342529296875000e+03
2.039211669921875000e+03
1.958800292968750000e+03
2.171653076171875000e+03
1.959863037109375000e+03
1.882004760742187500e+03
2.080400878906250000e+03
2.006338378906250000e+03
1.857162719726562500e+03
2.240118652343750000e+03
2.150922607421875000e+03
2.034483032226562500e+03
2.380407470703125000e+03
1.918815429687500000e+03
2.007056640625000000e+03
2.051870849609375000e+03
1.776092651367187500e+03
1.804809936523437500e+03
1.899619262695312500e+03
1.875421875000000000e+03
1.716906738281250000e+03
1.803936767578125000e+03
2.013966308593750000e+03
1.754802001953125000e+03
1.920182128906250000e+03
2.233041259765625000e+03
1.866244628906250000e+03
2.838188964843750000e+03
2.523364257812500000e+03
2.802853027343750000e+03
2.178579101562500000e+03
3.016140380859375000e+03
2.268637695312500000e+03
2.615766845703125000e+03
2.253509765625000000e+03
2.667926025390625000e+03
2.287116699218750000e+03
2.328825683593750000e+03
2.482135742187500000e+03
2.063426757812500000e+03
2.227395019531250000e+03
2.047066040039062500e+03
2.087265625000000000e+03
2.115276855468750000e+03
1.997794921875000000e+03
2.155009033203125000e+03
2.061912353515625000e+03
1.960904663085937500e+03
2.159084228515625000e+03
2.100429687500000000e+03
1.914204345703125000e+03
2.241349853515625000e+03
2.152151855468750000e+03
1.973152832031250000e+03
2.499159423828125000e+03
2.250961425781250000e+03
2.131224853515625000e+03
2.458620117187500000e+03
1.950686523437500000e+03
2.102759033203125000e+03
2.060402832031250000e+03
1.842181640625000000e+03
1.891277954101562500e+03
1.947677856445312500e+03
1.873448974609375000e+03
1.807064086914062500e+03
1.777823974609375000e+03
1.769679687500000000e+03
1.852928588867187500e+03
1.870558593750000000e+03
1.841424072265625000e+03
1.770379394531250000e+03
1.757028808593750000e+03
1.701694580078125000e+03
1.716406738281250000e+03
1.731063232421875000e+03
1.842602050781250000e+03
2.097045898437500000e+03
1.851182861328125000e+03
1.703895019531250000e+03
1.775287841796875000e+03
2.013641113281250000e+03
2.330645263671875000e+03
1.841205566406250000e+03
2.354431396484375000e+03
2.888204589843750000e+03
2.694000488281250000e+03
3.115492431640625000e+03
2.160064453125000000e+03
2.432217285156250000e+03
2.335557617187500000e+03
2.352914062500000000e+03
2.355263427734375000e+03
2.180479492187500000e+03
2.364547607421875000e+03
2.303628417968750000e+03
2.168344726562500000e+03
2.406582519531250000e+03
2.264303710937500000e+03
2.176958007812500000e+03
2.376063476562500000e+03
2.231359375000000000e+03
2.116131835937500000e+03
2.315131103515625000e+03
2.236781738281250000e+03
2.067180175781250000e+03
2.242444091796875000e+03
2.351149902343750000e+03
2.077429199218750000e+03
2.468918945312500000e+03
2.425459716796875000e+03
2.205834960937500000e+03
2.742525634765625000e+03
2.184132080078125000e+03
2.241207031250000000e+03
2.446658935546875000e+03
2.045292480468750000e+03
2.050340576171875000e+03
2.240100341796875000e+03
2.109074218750000000e+03
1.944345458984375000e+03
2.060028808593750000e+03
2.207947509765625000e+03
1.955995971679687500e+03
1.962753173828125000e+03
2.180499511718750000e+03
2.037361083984375000e+03
1.829946411132812500e+03
1.844147583007812500e+03
1.895014404296875000e+03
1.991462646484375000e+03
2.051128417968750000e+03
1.996032104492187500e+03
1.887364013671875000e+03
1.765608886718750000e+03
1.746899169921875000e+03
1.704258666992187500e+03
1.756959350585937500e+03
1.859997192382812500e+03
2.212041992187500000e+03
2.042566406250000000e+03
1.810855590820312500e+03
1.770769409179687500e+03
1.694621582031250000e+03
1.687516113281250000e+03
1.642994506835937500e+03
1.669914550781250000e+03
1.722746582031250000e+03
2.187874023437500000e+03
2.387709960937500000e+03
2.279648193359375000e+03
1.881087768554687500e+03
2.323931396484375000e+03
2.732143066406250000e+03
2.185990722656250000e+03
3.174249023437500000e+03
2.507092773437500000e+03
2.467489746093750000e+03
3.020557373046875000e+03
2.192064453125000000e+03
2.430004394531250000e+03
2.470052734375000000e+03
2.109226318359375000e+03
2.232707519531250000e+03
2.251041259765625000e+03
2.004685058593750000e+03
1.950961303710937500e+03
2.074710449218750000e+03
2.136928222656250000e+03
2.009796386718750000e+03
1.916465820312500000e+03
1.869474609375000000e+03
1.778134765625000000e+03
1.763422607421875000e+03
1.739359375000000000e+03
1.724437011718750000e+03
1.754793823242187500e+03
1.932002075195312500e+03
2.350442626953125000e+03
2.844027832031250000e+03
2.190542968750000000e+03
3.623489257812500000e+03
2.450563964843750000e+03
2.749749511718750000e+03
2.754677978515625000e+03
2.330871582031250000e+03
2.518721435546875000e+03
2.283832031250000000e+03
2.354781738281250000e+03
2.331144287109375000e+03
2.154929199218750000e+03
2.266255371093750000e+03
2.349003906250000000e+03
2.137283447265625000e+03
2.159599853515625000e+03
2.338179687500000000e+03
2.190555908203125000e+03
2.033848999023437500e+03
2.185946777343750000e+03
2.169440429687500000e+03
1.939225219726562500e+03
1.903100830078125000e+03
1.907521240234375000e+03
1.920291992187500000e+03
2.040573242187500000e+03
2.151136230468750000e+03
2.070983642578125000e+03
1.877064208984375000e+03
1.859716552734375000e+03
1.765942504882812500e+03
1.822463867187500000e+03
1.996182006835937500e+03
2.442447753906250000e+03
2.000214355468750000e+03
1.822439331054687500e+03
2.035907958984375000e+03
2.322463378906250000e+03
2.396490234375000000e+03
1.910996337890625000e+03
2.207194335937500000e+03
2.717055175781250000e+03
2.094429199218750000e+03
2.596178710937500000e+03
2.752150634765625000e+03
2.329318359375000000e+03
3.137543457031250000e+03
2.318312500000000000e+03
2.378506835937500000e+03
2.776114257812500000e+03
2.194381591796875000e+03
2.187183593750000000e+03
2.479186035156250000e+03
2.222830566406250000e+03
2.024814819335937500e+03
2.115816650390625000e+03
2.315365234375000000e+03
2.049891113281250000e+03
2.019057128906250000e+03
2.247710693359375000e+03
2.180921875000000000e+03
2.018383666992187500e+03
1.918705200195312500e+03
1.956954345703125000e+03
2.108137939453125000e+03
2.093477050781250000e+03
1.954397583007812500e+03
1.889289550781250000e+03
1.797464843750000000e+03
1.781151611328125000e+03
1.771244140625000000e+03
1.746964355468750000e+03
1.850506103515625000e+03
2.117068603515625000e+03
2.331218994140625000e+03
2.297822753906250000e+03
2.013495849609375000e+03
1.821095214843750000e+03
2.006028076171875000e+03
2.196370117187500000e+03
2.253257568359375000e+03
2.028409301757812500e+03
1.772754882812500000e+03
1.895773681640625000e+03
2.135085449218750000e+03
2.434764160156250000e+03
2.038149536132812500e+03
1.887522827148437500e+03
2.182216552734375000e+03
2.423757812500000000e+03
2.208797851562500000e+03
1.882618652343750000e+03
1.915414306640625000e+03
2.131782226562500000e+03
2.270996582031250000e+03
2.149083740234375000e+03
1.852034790039062500e+03
1.796607666015625000e+03
2.023183349609375000e+03
2.227201416015625000e+03
2.187585937500000000e+03
1.930852294921875000e+03
1.809335693359375000e+03
1.857499511718750000e+03
2.136611328125000000e+03
2.355466064453125000e+03
1.978296875000000000e+03
1.858586181640625000e+03
2.147576171875000000e+03
2.276281250000000000e+03
2.050587646484375000e+03
1.932956054687500000e+03
1.804451904296875000e+03
1.847801513671875000e+03
2.010164550781250000e+03
2.272123291015625000e+03
2.077131103515625000e+03
1.828918212890625000e+03
1.787045043945312500e+03
1.753545776367187500e+03
1.821669433593750000e+03
2.022970947265625000e+03
2.387471923828125000e+03
2.012406250000000000e+03
1.804781982421875000e+03
1.954884277343750000e+03
2.281045654296875000e+03
2.365821533203125000e+03
1.975018554687500000e+03
1.908297119140625000e+03
2.230570312500000000e+03
2.256997558593750000e+03
1.903524047851562500e+03
1.845875000000000000e+03
1.815792236328125000e+03
1.961250244140625000e+03
2.168551269531250000e+03
2.201783203125000000e+03
1.989226562500000000e+03
1.790472412109375000e+03
1.787277221679687500e+03
1.877322021484375000e+03
2.125752197265625000e+03
2.134625976562500000e+03
2.006311279296875000e+03
1.948212890625000000e+03
1.857505004882812500e+03
1.833839233398437500e+03
1.765901611328125000e+03
1.872337036132812500e+03
1.979133789062500000e+03
2.277613769531250000e+03
2.419886718750000000e+03
1.947096191406250000e+03
1.867616455078125000e+03
2.227624755859375000e+03
2.325748535156250000e+03
1.987066040039062500e+03
1.885896728515625000e+03
1.768109863281250000e+03
1.850696411132812500e+03
2.061449218750000000e+03
2.150652587890625000e+03
2.060719238281250000e+03
1.882681030273437500e+03
1.817532592773437500e+03
1.761039306640625000e+03
1.756386474609375000e+03
1.756086059570312500e+03
1.885174072265625000e+03
2.231293945312500000e+03
2.141455322265625000e+03
1.813580078125000000e+03
1.805678222656250000e+03
1.684507568359375000e+03
1.739793701171875000e+03
1.663607055664062500e+03
1.727202392578125000e+03
2.007634521484375000e+03
2.353814453125000000e+03
2.422232421875000000e+03
1.937021240234375000e+03
1.998383056640625000e+03
2.406844726562500000e+03
2.159549560546875000e+03
1.796239990234375000e+03
1.965738769531250000e+03
2.286637207031250000e+03
2.381144531250000000e+03
2.116414794921875000e+03
1.898552734375000000e+03
2.086227783203125000e+03
2.334207519531250000e+03
2.204395019531250000e+03
2.078207763671875000e+03
1.879257324218750000e+03
1.938435913085937500e+03
2.082603759765625000e+03
2.106417480468750000e+03
2.026412841796875000e+03
1.895652587890625000e+03
1.789131958007812500e+03
1.772311279296875000e+03
1.707817749023437500e+03
1.712443481445312500e+03
1.709933959960937500e+03
1.807222778320312500e+03
2.043393432617187500e+03
2.456473632812500000e+03
1.937933837890625000e+03
1.776567626953125000e+03
2.026806396484375000e+03
2.389727539062500000e+03
2.130870117187500000e+03
1.851341796875000000e+03
1.791711425781250000e+03
2.021391723632812500e+03
2.259694824218750000e+03
2.189529296875000000e+03
1.943612304687500000e+03
1.790576416015625000e+03
1.873146606445312500e+03
2.141265625000000000e+03
2.216227050781250000e+03
2.043799072265625000e+03
1.797661621093750000e+03
1.794674560546875000e+03
1.941611206054687500e+03
2.174156005859375000e+03
2.165892333984375000e+03
1.941718505859375000e+03
1.848433227539062500e+03
1.740789550781250000e+03
1.756353637695312500e+03
1.697470825195312500e+03
1.704602905273437500e+03
1.791027099609375000e+03
2.063259277343750000e+03
2.279587890625000000e+03
2.182342285156250000e+03
1.958266601562500000e+03
1.765738403320312500e+03
1.775130859375000000e+03
1.967749755859375000e+03
2.229074951171875000e+03
2.073385253906250000e+03
1.836802001953125000e+03
1.762056518554687500e+03
1.728149658203125000e+03
1.722253051757812500e+03
1.729667480468750000e+03
1.856673950195312500e+03
2.159908447265625000e+03
2.273083496093750000e+03
2.112968261718750000e+03
1.922287597656250000e+03
1.775825927734375000e+03
1.809478271484375000e+03
1.865817993164062500e+03
2.122514648437500000e+03
2.211775390625000000e+03
2.100343017578125000e+03
1.963422607421875000e+03
1.801999145507812500e+03
1.780494262695312500e+03
1.710404541015625000e+03
1.701727294921875000e+03
1.787953979492187500e+03
1.934715087890625000e+03
2.284025634765625000e+03
2.128666503906250000e+03
1.903678588867187500e+03
1.890244873046875000e+03
1.768984375000000000e+03
1.831910400390625000e+03
1.935639038085937500e+03
2.201268310546875000e+03
2.339870605468750000e+03
1.945540893554687500e+03
1.806701416015625000e+03
2.000841308593750000e+03
2.305062744140625000e+03
2.262596679687500000e+03
1.972562011718750000e+03
1.835307128906250000e+03
2.174616699218750000e+03
2.257234863281250000e+03
2.088245605468750000e+03
2.031893798828125000e+03
1.866109741210937500e+03
1.847618286132812500e+03
1.777981933593750000e+03
1.762886474609375000e+03
1.777007690429687500e+03
1.780012329101562500e+03
2.082372558593750000e+03
2.411259765625000000e+03
2.065125000000000000e+03
1.777040771484375000e+03
1.774297851562500000e+03
1.864400146484375000e+03
2.176064208984375000e+03
2.278784179687500000e+03
2.040724121093750000e+03
1.945458984375000000e+03
1.819715087890625000e+03
1.780751098632812500e+03
1.737143554687500000e+03
1.750803955078125000e+03
1.746738769531250000e+03
1.916298828125000000e+03
2.322130371093750000e+03
2.193686523437500000e+03
1.933965820312500000e+03
1.803570312500000000e+03
1.739470947265625000e+03
1.753387817382812500e+03
1.805828369140625000e+03
2.035931152343750000e+03
2.348176757812500000e+03
2.174722656250000000e+03
1.865181884765625000e+03
1.801055419921875000e+03
1.756542236328125000e+03
1.713905517578125000e+03
1.753545288085937500e+03
1.925461425781250000e+03
2.324434570312500000e+03
2.125740722656250000e+03
1.861739501953125000e+03
1.796123291015625000e+03
1.764211425781250000e+03
1.893262451171875000e+03
2.178750488281250000e+03
2.223305419921875000e+03
2.022463378906250000e+03
1.924833496093750000e+03
1.773148925781250000e+03
1.812538818359375000e+03
1.773619384765625000e+03
1.946343505859375000e+03
2.133467773437500000e+03
2.178266357421875000e+03
1.963541137695312500e+03
1.897714843750000000e+03
1.802967285156250000e+03
1.907661865234375000e+03
2.083942138671875000e+03
2.312249023437500000e+03
2.129249755859375000e+03
1.945438964843750000e+03
1.776587646484375000e+03
1.752181640625000000e+03
1.747955810546875000e+03
1.770738647460937500e+03
2.037618774414062500e+03
2.342763671875000000e+03
2.085924804687500000e+03
1.806824829101562500e+03
1.778134521484375000e+03
1.835280029296875000e+03
2.040196289062500000e+03
2.259324462890625000e+03
2.172707763671875000e+03
1.930391601562500000e+03
1.788611572265625000e+03
1.773892822265625000e+03
1.760017211914062500e+03
1.750404541015625000e+03
1.944625488281250000e+03
2.233544921875000000e+03
2.242109863281250000e+03
2.010048706054687500e+03
1.951510742187500000e+03
1.842979492187500000e+03
1.882583984375000000e+03
1.912166748046875000e+03
2.133406250000000000e+03
2.093356201171875000e+03
2.052786132812500000e+03
1.894033935546875000e+03
1.915469970703125000e+03
1.859466308593750000e+03
2.087454833984375000e+03
2.176694824218750000e+03
2.107003417968750000e+03
1.895237060546875000e+03
1.886368408203125000e+03
1.788861816406250000e+03
1.880023681640625000e+03
1.976189453125000000e+03
2.166267089843750000e+03
2.230800537109375000e+03
1.999551513671875000e+03
1.814963867187500000e+03
1.791659545898437500e+03
1.762145507812500000e+03
1.879150634765625000e+03
2.208521728515625000e+03
2.407565429687500000e+03
2.046256591796875000e+03
1.775180297851562500e+03
1.867922851562500000e+03
2.132248535156250000e+03
2.244925048828125000e+03
2.036287841796875000e+03
1.812690429687500000e+03
1.819133056640625000e+03
1.766974121093750000e+03
1.801251586914062500e+03
1.844624511718750000e+03
2.079072753906250000e+03
2.425689453125000000e+03
2.081745117187500000e+03
1.930560302734375000e+03
1.796732177734375000e+03
1.787528564453125000e+03
1.777574829101562500e+03
1.860366699218750000e+03
2.211134765625000000e+03
2.327052246093750000e+03
2.036244995117187500e+03
1.819812011718750000e+03
1.776540039062500000e+03
1.838616455078125000e+03
2.164468261718750000e+03
2.381503662109375000e+03
2.090467285156250000e+03
1.907402343750000000e+03
1.808353637695312500e+03
1.823341064453125000e+03
1.998420776367187500e+03
2.275260009765625000e+03
2.237550292968750000e+03
1.914135864257812500e+03
1.873681152343750000e+03
1.854109985351562500e+03
1.831753906250000000e+03
2.058864501953125000e+03
2.277048339843750000e+03
2.196770996093750000e+03
1.925501464843750000e+03
1.839257690429687500e+03
1.791890991210937500e+03
1.758835083007812500e+03
1.798326904296875000e+03
1.862782226562500000e+03
2.178691406250000000e+03
2.323661376953125000e+03
2.142178710937500000e+03
1.883773193359375000e+03
1.824299438476562500e+03
1.829645385742187500e+03
1.853109619140625000e+03
1.977581787109375000e+03
2.172745849609375000e+03
2.287915283203125000e+03
2.112803466796875000e+03
1.924243164062500000e+03
1.908935668945312500e+03
1.872626098632812500e+03
1.915528686523437500e+03
2.047015380859375000e+03
2.250129394531250000e+03
2.177421386718750000e+03
2.064160888671875000e+03
1.928816162109375000e+03
1.978470214843750000e+03
2.036271362304687500e+03
2.178413330078125000e+03
2.146608398437500000e+03
2.095039062500000000e+03
1.936633789062500000e+03
1.918514892578125000e+03
1.921710937500000000e+03
2.005615722656250000e+03
2.065711669921875000e+03
2.130262207031250000e+03
2.087825439453125000e+03
2.063635986328125000e+03
1.997804199218750000e+03
2.052498046875000000e+03
2.088963623046875000e+03
2.178622558593750000e+03
2.097784667968750000e+03
2.064194335937500000e+03
1.943553466796875000e+03
1.980614746093750000e+03
1.966676025390625000e+03
2.065968261718750000e+03
2.118036376953125000e+03
2.182047607421875000e+03
2.011971435546875000e+03
1.947026123046875000e+03
1.913484619140625000e+03
2.006033203125000000e+03
2.094541503906250000e+03
2.288095703125000000e+03
2.109989013671875000e+03
2.042886230468750000e+03
1.913006591796875000e+03
1.974353515625000000e+03
2.034983154296875000e+03
2.178212158203125000e+03
2.142996582031250000e+03
2.102897949218750000e+03
1.957000976562500000e+03
1.991833618164062500e+03
2.010864013671875000e+03
2.096571289062500000e+03
2.096609619140625000e+03
2.190625976562500000e+03
2.009595703125000000e+03
2.040498413085937500e+03
1.984927856445312500e+03
2.112033447265625000e+03
2.133313476562500000e+03
2.186692871093750000e+03
1.947845458984375000e+03
1.975406127929687500e+03
1.926213134765625000e+03
2.004084228515625000e+03
2.106792968750000000e+03
2.129124511718750000e+03
2.055109863281250000e+03
2.025231689453125000e+03
1.946843017578125000e+03
2.014820800781250000e+03
2.003065917968750000e+03
2.161070312500000000e+03
2.093508789062500000e+03
2.025848144531250000e+03
1.870089355468750000e+03
1.903077148437500000e+03
1.952191284179687500e+03
2.126505371093750000e+03
2.207330566406250000e+03
2.169899414062500000e+03
1.951803955078125000e+03
1.919229003906250000e+03
1.930392333984375000e+03
1.934220581054687500e+03
2.107607421875000000e+03
2.222515380859375000e+03
2.100265136718750000e+03
2.044788818359375000e+03
1.936771484375000000e+03
1.973788085937500000e+03
1.985344238281250000e+03
2.063678222656250000e+03
2.158630371093750000e+03
2.188598876953125000e+03
1.985067138671875000e+03
1.944227539062500000e+03
1.905471069335937500e+03
1.986860107421875000e+03
2.113614013671875000e+03
2.149323242187500000e+03
2.108191162109375000e+03
2.048342285156250000e+03
2.015572265625000000e+03
2.037756103515625000e+03
2.040707641601562500e+03
2.133580322265625000e+03
2.031249511718750000e+03
2.092831787109375000e+03
2.040962158203125000e+03
2.099157714843750000e+03
2.073198730468750000e+03
2.125245849609375000e+03
2.085399902343750000e+03
2.072507812500000000e+03
2.002768310546875000e+03
2.052032226562500000e+03
